,Alabama,Arizona,Arkansas,California,Colorado,Connecticut,Delaware,District of Columbia,Florida,Georgia,Idaho,Illinois,Indiana,Iowa,Kansas,Kentucky,Louisiana,Maine,Maryland,Massachusetts,Michigan,Minnesota,Mississippi,Missouri,Montana,Nebraska,Nevada,New Hampshire,New Jersey,New Mexico,New York,North Carolina,North Dakota,Ohio,Oklahoma,Oregon,Pennsylvania,Rhode Island,South Carolina,South Dakota,Tennessee,Texas,Utah,Vermont,Virginia,Washington,West Virginia,Wisconsin,Wyoming
Alabama,0,1494,386,2013,1155,990,764,689,176,145,1793,546,513,754,701,411,314,1216,714,1083,722,944,229,543,1676,820,1922,1097,840,1148,986,498,1257,559,678,2142,756,1046,333,1123,265,691,1531,1106,613,2168,490,760,1188
Arizona,1494,0,1129,629,586,2208,2057,1976,1637,1586,730,1311,1494,1150,986,1551,1244,2365,2004,2294,1615,1280,1268,1161,902,983,576,2269,2097,378,2154,1896,1091,1662,839,979,1985,2273,1784,977,1441,868,500,2225,1954,1091,1727,1389,660
Arkansas,386,1129,0,1629,771,1170,977,895,554,458,1412,380,488,479,351,480,304,1370,923,1263,693,708,207,266,1311,483,1537,1257,1035,770,1138,776,943,630,296,1760,929,1233,655,790,329,438,1145,1239,852,1792,645,599,809
California,2013,629,1629,0,892,2551,2446,2372,2174,2079,442,1698,1882,1481,1384,1969,1807,2664,2397,2626,1941,1518,1802,1575,733,1322,101,2588,2467,877,2483,2343,1190,2045,1335,447,2357,2614,2263,1162,1900,1462,529,2526,2372,590,2138,1695,901
Colorado,1155,586,771,892,0,1680,1559,1484,1325,1202,642,808,993,602,493,1078,1007,1816,1510,1761,1072,698,966,684,593,437,794,1729,1586,289,1618,1452,528,1158,500,990,1475,1745,1378,394,1014,767,378,1676,1481,1031,1247,833,95
Connecticut,990,2208,1170,2551,1680,0,234,302,1013,845,2190,897,717,1078,1221,690,1288,232,279,94,610,1046,1163,1051,1957,1244,2450,116,152,1830,84,521,1424,552,1404,2498,242,65,696,1400,849,1600,2021,173,388,2462,528,855,1654
Delaware,764,2057,977,2446,1559,234,0,82,779,619,2111,754,568,966,1080,508,1068,465,54,322,531,984,948,897,1900,1124,2345,349,84,1680,258,288,1374,402,1232,2435,106,283,462,1322,649,1398,1918,384,155,2413,334,770,1545
District of Columbia,689,1976,895,2372,1484,302,82,0,714,544,2043,677,491,893,1002,427,990,531,28,394,474,924,868,817,1837,1049,2272,412,151,1599,310,231,1314,327,1150,2369,95,357,399,1256,567,1316,1845,436,98,2351,252,706,1472
Florida,176,1637,554,2174,1325,1013,779,714,0,229,1966,712,652,927,877,535,408,1244,735,1101,847,1110,372,719,1852,997,2085,1126,861,1303,1023,493,1432,663,841,2314,796,1061,317,1299,420,802,1699,1148,625,2343,566,916,1361
Georgia,145,1586,458,2079,1202,845,619,544,229,0,1831,506,426,737,724,307,454,1072,569,938,618,900,350,546,1692,831,1985,953,695,1228,842,357,1242,437,753,2178,612,901,204,1121,214,816,1581,963,469,2194,353,697,1224
Idaho,1793,730,1412,442,642,2190,2111,2043,1966,1831,0,1390,1566,1155,1108,1670,1646,2281,2067,2259,1588,1144,1608,1294,291,1016,358,2214,2122,773,2117,2049,783,1719,1141,348,2016,2250,1996,791,1633,1367,294,2147,2057,401,1827,1343,607
Illinois,546,1311,380,1698,808,897,754,677,712,506,1390,0,186,242,327,279,650,1066,704,984,333,398,516,160,1216,378,1599,964,787,934,846,659,739,353,523,1728,675,962,625,632,294,799,1174,927,674,1728,441,228,801
Indiana,513,1494,488,1882,993,717,568,491,652,426,1566,186,0,411,512,129,703,897,518,807,219,503,563,334,1379,560,1782,790,603,1116,671,491,879,168,689,1899,491,782,491,792,252,925,1356,762,493,1893,261,283,983
Iowa,754,1150,479,1481,602,1078,966,893,927,737,1155,242,411,0,207,519,781,1219,918,1159,471,234,667,221,974,168,1380,1128,987,780,1016,898,506,566,472,1489,877,1142,867,390,524,812,952,1078,903,1486,672,240,580
Kansas,701,986,351,1384,493,1221,1080,1002,877,724,1108,327,512,207,0,587,647,1382,1028,1308,634,429,557,191,976,134,1286,1284,1114,609,1168,959,595,680,266,1454,1002,1287,890,439,526,615,868,1242,992,1471,759,431,502
Kentucky,411,1551,480,1969,1078,690,508,427,535,307,1670,279,129,519,587,0,643,891,455,783,313,631,505,398,1493,655,1871,778,558,1175,658,379,1002,160,724,2007,451,754,363,907,175,914,1449,763,406,2006,176,413,1077
Louisiana,314,1244,304,1807,1007,1288,1068,990,408,454,1646,650,703,781,647,643,0,1508,1016,1382,922,1008,140,565,1578,781,1723,1391,1140,930,1275,810,1242,803,507,1992,1049,1346,647,1085,468,395,1364,1390,921,2038,768,878,1062
Maine,1216,2365,1370,2664,1816,232,465,531,1244,1072,2281,1066,897,1219,1382,891,1508,0,509,152,750,1146,1379,1225,2031,1387,2563,119,383,1990,234,753,1501,741,1585,2573,460,193,927,1503,1058,1806,2138,141,619,2523,742,983,1779
Maryland,714,2004,923,2397,1510,279,54,28,735,569,2067,704,518,918,1028,455,1016,509,0,370,493,945,895,845,1859,1075,2297,391,127,1627,292,248,1335,353,1178,2392,92,332,419,1280,595,1344,1870,418,113,2373,280,728,1497
Massachusetts,1083,2294,1263,2626,1761,94,322,394,1101,938,2259,984,807,1159,1308,783,1382,152,370,0,689,1115,1257,1140,2020,1326,2525,68,243,1917,143,608,1487,643,1495,2562,336,41,784,1471,943,1694,2098,155,476,2522,622,932,1732
Michigan,722,1615,693,1941,1072,610,531,474,847,618,1588,333,219,471,634,313,922,750,493,689,0,453,781,492,1369,638,1840,657,535,1240,546,571,842,205,855,1906,431,674,631,797,467,1125,1411,610,517,1882,338,246,1043
Minnesota,944,1280,708,1518,698,1046,984,924,1110,900,1144,398,503,234,429,631,1008,1146,945,1115,453,0,886,443,917,338,1417,1073,986,930,973,985,390,618,695,1455,884,1107,994,357,691,1043,993,1008,958,1429,746,225,645
Mississippi,229,1268,207,1802,966,1163,948,868,372,350,1608,516,563,667,557,505,140,1379,895,1257,781,886,0,446,1516,688,1714,1262,1017,930,1145,703,1146,665,472,1956,922,1222,552,995,330,466,1335,1258,805,1993,638,745,1010
Missouri,543,1161,266,1575,684,1051,897,817,719,546,1294,160,334,221,191,398,565,1225,845,1140,492,443,446,0,1147,285,1477,1121,936,783,1003,768,716,502,364,1638,824,1116,702,581,340,653,1059,1087,803,1650,571,344,691
Montana,1676,902,1311,733,593,1957,1900,1837,1852,1692,291,1216,1379,974,976,1493,1578,2031,1859,2020,1369,917,1516,1147,0,862,646,1971,1902,817,1880,1870,533,1520,1075,542,1800,2015,1839,587,1484,1360,402,1900,1862,515,1638,1131,521
Nebraska,820,983,483,1322,437,1244,1124,1049,997,831,1016,378,560,168,134,655,781,1387,1075,1326,638,338,688,285,862,0,1223,1296,1149,615,1183,1034,461,722,372,1357,1038,1308,983,307,624,729,796,1246,1052,1366,819,406,423
Nevada,1922,576,1537,101,794,2450,2345,2272,2085,1985,358,1599,1782,1380,1286,1871,1723,2563,2297,2525,1840,1417,1714,1477,646,1223,0,2487,2367,793,2382,2245,1091,1945,1245,433,2257,2513,2168,1061,1805,1385,429,2425,2273,568,2039,1594,801
New Hampshire,1097,2269,1257,2588,1729,116,349,412,1126,953,2214,964,790,1128,1284,778,1391,119,391,68,657,1073,1262,1121,1971,1296,2487,0,265,1893,120,636,1439,631,1479,2514,342,98,809,1429,943,1692,2060,88,502,2471,625,897,1696
New Jersey,840,2097,1035,2467,1586,152,84,151,861,695,2122,787,603,987,1114,558,1140,383,127,243,535,986,1017,936,1902,1149,2367,265,0,1719,176,371,1373,435,1280,2440,112,206,544,1332,709,1461,1938,301,236,2413,389,779,1567
New Mexico,1148,378,770,877,289,1830,1680,1599,1303,1228,773,934,1116,780,609,1175,930,1990,1627,1917,1240,930,930,783,817,615,793,1893,1719,0,1777,1526,814,1284,474,1100,1607,1895,1422,670,1071,603,479,1850,1579,1174,1351,1019,383
New York,986,2154,1138,2483,1618,84,258,310,1023,842,2117,846,671,1016,1168,658,1275,234,292,143,546,973,1145,1003,1880,1183,2382,120,176,1777,0,539,1347,511,1360,2422,230,135,708,1328,824,1572,1954,127,404,2384,508,789,1588
North Carolina,498,1896,776,2343,1452,521,288,231,493,357,2049,659,491,898,959,379,810,753,248,608,571,985,703,768,1870,1034,2245,636,371,1526,539,0,1368,372,1057,2387,323,569,176,1283,455,1167,1825,666,135,2383,239,760,1455
North Dakota,1257,1091,943,1190,528,1424,1374,1314,1432,1242,783,739,879,506,595,1002,1242,1501,1335,1487,842,390,1146,716,533,461,1091,1439,1373,814,1347,1368,0,1006,801,1075,1272,1482,1361,169,1028,1151,694,1368,1347,1041,1131,612,439
Ohio,559,1662,630,2045,1158,552,402,327,663,437,1719,353,168,566,680,160,803,741,353,643,205,618,665,502,1520,722,1945,631,435,1284,511,372,1006,0,852,2048,323,617,427,936,335,1067,1517,609,342,2035,135,394,1144
Oklahoma,678,839,296,1335,500,1404,1232,1150,841,753,1141,523,689,472,266,724,507,1585,1178,1495,855,695,472,364,1075,372,1245,1479,1280,474,1360,1057,801,852,0,1488,1170,1468,948,633,603,357,864,1448,1120,1532,899,682,556
Oregon,2142,979,1760,447,990,2498,2435,2369,2314,2178,348,1728,1899,1489,1454,2007,1992,2573,2392,2562,1906,1455,1956,1638,542,1357,433,2514,2440,1100,2422,2387,1075,2048,1488,0,2337,2557,2340,1113,1978,1701,630,2442,2389,146,2161,1665,955
Pennsylvania,756,1985,929,2357,1475,242,106,95,796,612,2016,675,491,877,1002,451,1049,460,92,336,431,884,922,824,1800,1038,2257,342,112,1607,230,323,1272,323,1170,2337,0,304,484,1226,607,1359,1829,353,192,2312,286,673,1457
Rhode Island,1046,2273,1233,2614,1745,65,283,357,1061,901,2250,962,782,1142,1287,754,1346,193,332,41,674,1107,1222,1116,2015,1308,2513,98,206,1895,135,569,1482,617,1468,2557,304,0,744,1461,911,1663,2084,179,438,2519,590,918,1717
South Carolina,333,1784,655,2263,1378,696,462,399,317,204,1996,625,491,867,890,363,647,927,419,784,631,994,552,702,1839,983,2168,809,544,1422,708,176,1361,427,948,2340,484,744,0,1257,364,1018,1756,834,308,2348,301,774,1392
South Dakota,1123,977,790,1162,394,1400,1322,1256,1299,1121,791,632,792,390,439,907,1085,1503,1280,1471,797,357,995,581,587,307,1061,1429,1332,670,1328,1283,169,936,633,1113,1226,1461,1257,0,909,982,640,1365,1277,1101,1052,553,318
Tennessee,265,1441,329,1900,1014,849,649,567,420,214,1633,294,252,524,526,175,468,1058,595,943,467,691,330,340,1484,624,1805,943,709,1071,824,455,1028,335,603,1978,607,911,364,909,0,751,1392,933,523,1989,321,497,1028
Texas,691,868,438,1462,767,1600,1398,1316,802,816,1367,799,925,812,615,914,395,1806,1344,1694,1125,1043,466,653,1360,729,1385,1692,1461,603,1572,1167,1151,1067,357,1701,1359,1663,1018,982,751,0,1074,1676,1262,1768,1072,996,846
Utah,1531,500,1145,529,378,2021,1918,1845,1699,1581,294,1174,1356,952,868,1449,1364,2138,1870,2098,1411,993,1335,1059,402,796,429,2060,1938,479,1954,1825,694,1517,864,630,1829,2084,1756,640,1392,1074,0,1999,1848,695,1615,1166,373
Vermont,1106,2225,1239,2526,1676,173,384,436,1148,963,2147,927,762,1078,1242,763,1390,141,418,155,610,1008,1258,1087,1900,1246,2425,88,301,1850,127,666,1368,609,1448,2442,353,179,834,1365,933,1676,1999,0,531,2396,622,843,1639
Virginia,613,1954,852,2372,1481,388,155,98,625,469,2057,674,493,903,992,406,921,619,113,476,517,958,805,803,1862,1052,2273,502,236,1579,404,135,1347,342,1120,2389,192,438,308,1277,523,1262,1848,531,0,2377,233,735,1475
Washington,2168,1091,1792,590,1031,2462,2413,2351,2343,2194,401,1728,1893,1486,1471,2006,2038,2523,2373,2522,1882,1429,1993,1650,515,1366,568,2471,2413,1174,2384,2383,1041,2035,1532,146,2312,2519,2348,1101,1989,1768,695,2396,2377,0,2152,1645,983
West Virginia,490,1727,645,2138,1247,528,334,252,566,353,1827,441,261,672,759,176,768,742,280,622,338,746,638,571,1638,819,2039,625,389,1351,508,239,1131,135,899,2161,286,590,301,1052,321,1072,1615,622,233,2152,0,521,1242
Wisconsin,760,1389,599,1695,833,855,770,706,916,697,1343,228,283,240,431,413,878,983,728,932,246,225,745,344,1131,406,1594,897,779,1019,789,760,612,394,682,1665,673,918,774,553,497,996,1166,843,735,1645,521,0,800
Wyoming,1188,660,809,901,95,1654,1545,1472,1361,1224,607,801,983,580,502,1077,1062,1779,1497,1732,1043,645,1010,691,521,423,801,1696,1567,383,1588,1455,439,1144,556,955,1457,1717,1392,318,1028,846,373,1639,1475,983,1242,800,0
