{
  "available_portfolio_budget": 1000000,
  "risk_tolerance": 0.1,
  "minimum_expected_return": 0.23,
  "stocks": [
    {
      "name": "AAPL",
      "expected_return": 0.0599
    },
    {
      "name": "AMZN",
      "expected_return": 0.0472
    },
    {
      "name": "NVDA",
      "expected_return": 0.0630
    },
    {
      "name": "AMD",
      "expected_return": 0.0805
    },
    {
      "name": "TSLA",
      "expected_return": 0.0453
    },
    {
      "name": "XOM",
      "expected_return": 0.0482
    },
    {
      "name": "MSFT",
      "expected_return": 0.0816
    },
    {
      "name": "GE",
      "expected_return": 0.0653
    },
    {
      "name": "PFE",
      "expected_return": 0.0406
    },
    {
      "name": "BP",
      "expected_return": 0.0609
    }
  ],
  "covariance": [
    [0.05399, -0.00338, -0.00072, -0.00396, -0.00154, -0.00947, 0.00107, 0.00001, -0.00409, 0.00330],
    [-0.00338, 0.04925, -0.00078, -0.00954, -0.00430, -0.00207, 0.00944, 0.00278, -0.00668, 0.00243],
    [-0.00072, -0.00078, 0.04060, -0.00160, 0.00822, 0.00180, -0.00432, -0.00016, 0.00009, 0.00236],
    [-0.00396, -0.00954, -0.00160, 0.03353, -0.00329, -0.00024, 0.00356, 0.01556, 0.00404, -0.00424],
    [-0.00154, -0.00430, 0.00822, -0.00329, 0.04698, 0.00269, 0.00153, -0.00499, 0.00259, 0.00432],
    [-0.00947, -0.00207, 0.00180, -0.00024, 0.00269, 0.04393, -0.00278, -0.00701, 0.01046, -0.00011],
    [0.00107, 0.00944, -0.00432, 0.00356, 0.00153, -0.00278, 0.04895, -0.00858, -0.00464, -0.00252],
    [0.00001, 0.00278, -0.00016, 0.01556, -0.00499, -0.00701, -0.00858, 0.04635, -0.00330, 0.00664],
    [-0.00409, -0.00668, 0.00009, 0.00404, 0.00259, 0.01046, -0.00464, -0.00330, 0.05050, 0.00795],
    [0.00330, 0.00243, 0.00236, -0.00424, 0.00432, -0.00011, -0.00252, 0.00664, 0.00795, 0.03465]
  ]
}
